0 0.2923973840866392 0.19888939329700603 0.2783226938918813 0.027066383649468888
0 0.2923973840866392 0.2313372392338685 0.2783226938918813 0.0351716623514734
0 0.2923973840866392 0.2776053084485592 0.2783226938918813 0.05453980791688883
0 0.2923973840866392 0.31414810231215273 0.2783226938918813 0.016045909687517672
0 0.2923973840866392 0.6254183558838443 0.2766490757686589 0.03560566454059536
0 0.2923973840866392 0.6560572680878212 0.2766490757686589 0.023112161509541554
0 0.2923973840866392 0.7450952494235021 0.2766490757686589 0.15134271466573349
0 0.2923973840866392 0.8317471347386215 0.2766490757686589 0.019436651302211966
0 0.7056947594806104 0.5871463346629631 0.20836545634118597 0.03445514025786338
0 0.7056947594806104 0.6206236580759795 0.20836545634118597 0.02990147287136213
