0 0.2925647458989614 0.44604426340076675 0.2133863107108531 0.05264211592486178
0 0.2925647458989614 0.48041462477968916 0.2133863107108531 0.012302185719533993
0 0.2925647458989614 0.5078468126554793 0.2133863107108531 0.039892638316488746
0 0.2925647458989614 0.5374438134789351 0.2133863107108531 0.016809439502966404
0 0.2924810649928003 0.8556098859083964 0.2667747288416469 0.056064896065770316
0 0.2924810649928003 0.908670455764665 0.2667747288416469 0.04733999337628203
0 0.7056110785744494 0.08120083525423197 0.26677472884164694 0.028151948268972694
0 0.7056110785744494 0.12469609735544288 0.26677472884164694 0.05606489606577023
0 0.6361140109373623 0.5644998178224597 0.05576858730131992 0.20389402319994485
0 0.6844542342777789 0.5644998178224597 0.028758245637520972 0.20389402319994485
0 0.7326900456528523 0.5644998178224597 0.05576858730131999 0.20389402319994485
0 0.7852524840789445 0.5644998178224597 0.03720267580887279 0.20389402319994485
